특성별,구분,2021,2018,1~3시간,4~6시간,7시간 이상,평균
한부모 연령별,30대 이하,41.3,39.0,76.8,22,1.2,2.6
한부모 연령별,40대,45.3,50.4,72.4,23.4,4.2,3
한부모 연령별,50대 이상,35.9,45.1,71.1,26.1,2.8,2.8
한부모 학력별,중졸 이하,44.1,45.2,89.5,6.4,4.1,2.4
한부모 학력별,고졸 이하,44.6,48.5,65.9,29.7,4.4,3.3
한부모 학력별,대학 이상,41.9,41.5,80.3,18,1.7,2.5
혼인 상태별,이혼,43.7,45.6,73.8,22.8,3.4,2.9
혼인 상태별,사별,41.3,45.0,76.4,22.1,1.5,2.7
혼인 상태별,기타,39.7,36.4,71.4,28.6,0,2.8
가구 구성별,모자,52.8,57.3,73.6,23.9,2.5,2.8
가구 구성별,모자+기타,10.8,19.1,60.4,29.3,10.3,3.7
가구 구성별,부자,55,62.4,78.3,20.4,1.3,2.7
가구 구성별,부자+기타 ,11.1,15.1,56.8,18.9,24.3,4.2
가장 어린 자녀별,미취학,28.9,34.1,89.9,10.1,0,2.2
가장 어린 자녀별,초등학생,44.3,46.4,73.1,23.7,3.2,2.9
종사상 지위별,상용근로자,50.4,48.1,72.8,23.2,4,2.9
종사상 지위별,임시/일용근로자,55.5,53.0,74.7,23.3,2,2.9
종사상 지위별,자영업/무급가족,36.5,41.0,64.3,35.7,0,3.3
종사상 지위별,비취업,19.6,22.6,84.6,10.8,4.6,2.4
정부 지원 유형별,저소득지원가구,42.7,45.7,67.2,28.2,4.5,3.2
정부 지원 유형별,일반가구,43.8,44.6,81.3,17.3,1.4,2.5
소득 수준별,100만원 미만,25.3,25.2,63.5,14.9,21.7,4
소득 수준별,~ 200만원 미만,39.1,56.3,69.6,26.2,4.2,3
소득 수준별,~ 300만원 미만,57,46.5,76.1,21.8,2.1,2.8
소득 수준별,300만원 이상,31.8,29.3,77,21.2,1.8,2.7
한부모가된 기간별,5년 미만,41.2,44.6,77,19.3,3.7,2.8
한부모가된 기간별,~ 10년 미만,45.8,46.5,73.7,23.3,2.9,2.9
한부모가된 기간별,10년 이상,38.5,40.9,69.5,28.1,2.4,2.9